

df1 <- mtcars

df2 <- df1

df3 <- df2

a <- 3 

b <- 6
